4294967279,115
4294967279,114
4294967279,113
4294967279,123
4294967279,122
4294967279,121
4294967279,120
4294967279,119
4294967279,118
4294967279,117
4294967279,116
4294967278,251
4294967279,249
4294967278,8
4294967278,7
4294967278,6
4294967278,5
4294967278,4
4294967279,132
4294967279,131
4294967279,130
4294967279,129
4294967279,128
4294967279,127
4294967279,126
4294967279,125
4294967279,124
4243767290,0
4243767290,3
4243767290,2
4294967278,248
4294967294,907
4294967294,5
4294967294,9
4294967294,107
4294967294,91
4294967294,87
4294967294,85
4294967294,29
4294967294,53
4294967278,245
4294967278,22
4294967278,21
4294967278,20
4294967278,19
4294967278,18
4294967278,17
4294967278,16
4294967278,15
4294967278,14
4294967278,13
4294967278,12
4294967278,11
4294967278,10
4294967278,9
4294967278,241
4294967278,239
4294967279,354
4294967278,547
4294967278,546
4294967279,353
4294967279,0
4294967278,235
4294967278,233
4294967278,231
8,4
8,5
4294967278,229
4294967278,49
4294967278,48
4294967278,47
4294967278,46
4294967278,45
4294967278,44
4294967278,43
4294967278,42
4294967278,41
4294967278,40
4294967278,39
4294967278,38
4294967278,37
4294967278,36
4294967278,35
4294967278,34
4294967278,33
4294967278,32
4294967278,31
4294967278,30
4294967278,29
4294967278,28
4294967278,27
4294967278,26
4294967278,25
4294967278,24
4294967278,23
4294967279,52
4294967279,51
4294967279,50
4294967279,47
4294967279,46
4294967279,45
4294967279,44
4294967279,42
4294967279,39
4294967279,38
4294967279,37
4294967279,35
4294967279,34
4294967279,32
4294967279,31
4294967279,28
4294967279,27
4294967279,25
4294967279,23
4294967279,20
4294967279,19
4294967279,17
4294967279,15
4294967279,13
4294967294,42
4294967294,99
4294967294,98
4294967294,918
4294967294,913
4294967294,911
4294967294,961
4294967294,430
4294967294,386
4294967294,402
4294967294,416
4294967294,407
4294967294,401
4294967294,80
4294967294,390
4294967294,1419
4294967294,36
4294967294,44
4294967294,41
4294967294,51
4294967294,388
4294967294,426
4294967294,115
4294967294,114
4294967294,387
4294967294,118
4294967294,113
4294967294,451
4294967294,454
4294967294,111
4294967294,110
4294967294,109
4294967294,423
4294967294,161
4294967294,184
4294967294,180
4294967294,468
4294967294,169
4294967294,189
4294967294,160
4294967294,466
4294967294,429
4294967294,427
4294967294,126
4294967294,20
4294967294,13
4294967294,185
4294967294,182
4294967294,173
4294967294,170
4294967294,190
4294967294,82
4294967278,227
4294967294,7
4294967278,225
9,2
7,4
7,5
4294967294,127
4294967294,39
4294967294,1416
4294967294,83
4294967294,92
4294967294,88
9,4
5,4
4294967278,132
4294967278,131
4294967278,130
4294967278,129
4294967278,128
4294967278,127
4294967278,126
4294967278,125
4294967278,124
4294967278,123
4294967278,122
4294967278,121
4294967278,120
4294967278,119
4294967278,118
4294967278,117
4294967278,116
4294967278,115
4294967278,114
4294967278,113
4294967278,112
4294967278,111
4294967278,110
4294967278,109
4294967278,108
4294967278,107
4294967278,106
4294967278,105
4294967278,104
4294967278,103
4294967278,102
4294967278,101
4294967278,100
4294967278,99
4294967278,98
4294967278,97
4294967278,95
4294967278,94
4294967278,93
4294967278,92
4294967278,91
4294967278,90
4294967278,89
4294967278,86
4294967278,85
4294967278,84
4294967278,83
4294967278,309
4294967278,82
4294967278,81
4294967278,80
4294967278,79
4294967278,78
4294967278,77
4294967278,76
4294967278,75
4294967278,74
4294967278,73
4294967278,72
4294967278,71
4294967278,70
4294967278,69
4294967278,68
4294967278,67
4294967278,66
4294967278,65
4294967278,64
4294967278,63
4294967278,62
4294967278,61
4294967278,60
4294967278,59
4294967278,58
4294967278,57
4294967278,56
4294967278,55
4294967278,54
4294967278,53
4294967278,52
4294967278,51
4294967278,50
4294967279,49
4294967279,48
4294967279,43
4294967279,41
4294967279,40
4294967279,36
4294967279,33
4294967279,30
4294967279,29
4294967279,26
4294967279,24
4294967279,22
4294967279,21
4294967279,18
4294967279,16
4294967279,14
4294967279,12
4294967279,11
4294967279,10
4294967279,9
4294967279,8
4294967279,7
4294967279,6
4294967279,5
4294967279,4
4294967294,972
4294967294,457
4294967294,415
4294967294,967
4294967294,901
4294967294,55
4294967294,1025
4294967294,1024
4294967294,949
4294967294,946
4294967294,941
4294967294,939
4294967294,936
4294967294,945
4294967294,943
4294967294,942
4294967294,937
4294967294,934
4294967294,933
4294967294,932
4294967294,931
4294967294,926
4294967294,900
4294967294,898
4294967294,896
4294967294,128
4294967294,60
4294967294,830
4294967294,61
4294967294,30
4294967294,462
4294967294,461
4294967294,465
4294967294,460
4294967294,459
4294967294,458
4294967294,463
